30
60
0 8000 3
1 3000 2
2 4000 2
3 6000 4
4 2000 1
5 8000 5
6 100 1
7 7000 3
8 100000 10
9 1000 3
10 3000 2
11 1000 1
12 6000 9
13 5000 2
14 8000 6
15 100 10
16 6000 1
17 10000 7
18 15000 15
19 2500 3
20 8000 8
21 500 12
22 9000 5
23 12000 4
24 700 6
25 3000 7
26 1000 2
27 6000 1
28 8000 10
29 100 3
30 4000 2
31 2000 1
32 6000 9
33 5000 5
34 8000 6
35 100 10
36 6000 1
37 10000 7
38 15000 15
39 2500 3
40 8000 8
41 500 12
42 9000 5
43 12000 4
44 700 6
45 3000 7
46 1000 2
47 6000 1
48 8000 10
49 100 3
50 4000 2
51 2000 1
52 6000 9
53 5000 5
54 8000 6
55 100 10
56 6000 1
57 10000 7
58 15000 15
59 2500 3
2
0 1
2 3
1
0 1
2
1 2
3 4
1
5 6
