100
50
1 1500 5
2 1700 4
3 1600 3
4 1800 6
5 1900 4
6 1450 3
7 1550 5
8 1750 4
9 1950 3
10 2200 6
11 1650 4
12 1500 5
13 1700 3
14 1800 4
15 1600 5
16 1950 6
17 1850 4
18 1500 3
19 1700 5
20 1650 4
21 1600 6
22 1800 3
23 1900 4
24 1750 5
25 1500 6
26 1600 4
27 1700 3
28 1800 5
29 1950 4
30 1550 3
31 1700 5
32 1800 4
33 1600 6
34 1500 3
35 1750 5
36 1900 4
37 1800 6
38 1850 3
39 1700 5
40 1650 4
41 1500 6
42 1600 3
43 1750 5
44 1800 4
45 1900 6
46 1700 3
47 1600 5
48 1500 4
49 1800 6
50 1850 3
10
0 1
2 3
4 5
6 7
8 9
10 11
12 13
14 15
16 17
18 19
5
0 1
2 3
4 5
6 7
8 9
4
0 2
1 4
3 5
7 9
3
0 3
1 6
2 5
